3.675 31.43 12190
3.675 31.43 12190
3.746 16.53 5995
3.377 30.86 10440
3.197 27.16 11590
3.022 31.01 12950
2.901 108.5 14970
2.936 138.4 16010
3.08 1343 2410
3.217 1034 14710
3.409 419 5051
2.724 1398 88340
2.072 4706 787100
2.302 1382 227500
2.123 4295 643600
1.983 12600 2079000
1.984 12600 2079000
3.268 45.82 14600
3.269 45.83 14601
3.892 10.77 4038
4.037 8.949 3402
3.995 11.8 3914
3.693 25.94 6976
3.252 90.21 17290
2.937 105.2 22170
3.559 18.87 4926
3.835 8.856 2463
3.337 39.8 7460
3.679 122.8 14040
3.978 80.07 5363
2.989 3181 -39340
2.518 58150 -1868000
4.224 11.85 871.7
3.037 2172 -61150
2.923 3391 -80380
2.786 1892 95200
2.491 8891 -81760
2.982 1288 -15750
2.007 90680 5078000
2.018 123600 4176000
3.347 189.7 14060
3.609 115 7886
4.413 20.03 1715
4.294 24.69 1752
4.053 35.24 2546
3.899 22.79 2788
3.973 49.67 3868
4.203 32.14 1897
4.126 38.32 2646
3.846 67.02 3056
2.464 5293 22010
2.053 49200 -490700
2.779 22460 -666000
2.666 4.8360 -1370000
2.64 55790 -1434000
2.609 55640 -1292000
2.773 1792 66300
4.207 4.466 1668
3.893 11.82 3059
2.989 246.4 8582
2.981 548.3 7403
3.239 337.6 7838
3.447 196.1 13930
3.629 78.37 4190
3.624 94.66 2974
3.754 65.06 2386
3.74 60.67 2265
3.801 43.73 2043
3.803 44.28 1924
3.785 40.68 1787
3.719 57.8 2632
3.581 97.15 2907
3.585 93.06 4184
2.014 134600 10160000
2.015 134600 10160000
3.832 27.39 1707
3.657 41.41 1942
3.655 56.3 2156
3.859 29.8 4340
3.825 30.79 4366
3.468 78.49 4756
2.822 3416 -64800
3.492 86.56 2482
2.266 847800 -24670000
3.196 432.9 4847
2.345 1199000 -34920000
2.295 1868000 -47940000
2.349 804000 -26370000
3.073 319.7 8863
3.354 249.3 20450
3.301 116.4 7797
3.519 70.94 2809
3.509 90.9 2503
3.342 210.9 -138.4
3.146 372 10990
3.809 59.47 7013
2.204 26090 -569700
3.143 705.9 -2531
2.4 100700 -3408000
2.64 40690 -1099000
3.082 1076 11820
3.348 384.8 8023
2.514 39290 -680700
3.225 538.4 2911
3.329 335.9 3864
3.454 117.4 1898
3.219 188.7 2092
3.066 1759 -19580
3.252 680.1 962.6
3.483 177.2 3739
2.542 16520 -199300
4.478 6.535 1873
3.651 6.497 2940
2.958 774.3 12950
3.016 1571 -3221
2.644 1414 186700
3.151 462.3 11490
3.126 1679 -23080
2.949 4136 -59990
2.918 5142 -91110
3.02 2154 -14510
2.669 138 25110
3.407 54.41 3716
3.665 44.52 1723
3.949 23.93 991.8
3.025 2672 -35640
3.028 2017 -20400
3.354 143.5 2696
2.82 6549 -132200
2.63 5246 581.7
2.402 10990 68500
2.777 7998 -121900
2.898 1796 28000
3.009 849.8 23990
3.081 690.5 19720
2.777 181.5 24500
4.009 3.054 1191
4.78 0.8966 444.5
3.309 711.3 -1869
3.461 27.99 5015
2.457 11670 303500
1.757 215600000 -3611000000
2.001 3.32700 12900000
3.731 12.27 5054
3.705 12.88 5291
3.988 6.121 3030
3.582 102.5 2439
3.727 72.77 1516
3.455 158.5 1452
6.274 13.83 -407.7
1.405 18760000000 1300000000
2.115 3669 354400
2.568 323.6 61590
4.357 3.839 886.5
2.62 1549 16730
2.991 449.5 6369
3.371 48.56 3723
2.865 3092 -61550
2.807 2527 -17810
3.065 472.6 979.3
3.391 161.3 1245
2.895 2500 -50240
3.248 145.7 2972
3.189 212.1 3556
3.492 89.69 1604
3.631 80 650.1
4.066 27.71 365.8
2.955 1986 -24890
2.935 3910 -72940
2.779 13030 -421600
4.59 1.407 773.2
4.05 4.261 1740
2.994 101.8 18420
2.58 1506 120600
3.065 131.2 21810
2.647 574.4 73010
2.899 210.2 33330
2.56 1512 104600
3.532 15.6 3106
3.013 109.7 10130
2.858 167.3 22340
4.49 1.476 664.1
3.3 22.35 5862
3.156 38.9 9647
3.545 11.31 4053
3.442 14.84 5851
4.176 5.047 1262
4.212 5.76 1378
3.197 83.96 7668
4.047 10.53 1794
3.971 21.65 2303
3.464 284.9 8847
3.452 338.6 5625
3.415 461.9 7104
3.414 426.5 4349
2.89 2287 -29220
3.322 30.37 3222
2.848 1404 44880
2.955 3142 -81820
3.154 378.4 1075
3.325 607.3 16790
3.111 3369 -55860
3.039 531 -9856
5.219 0.4648 207.1
2.614 19750 -577000
3.772 45.39 799.2
3.78 42.56 1118
3.224 907.2 -16860
3.356 229.6 3529
4.342 11.69 268.7
3.123 49.92 213.8
2.641 88.79 -15280
2.882 1901 -69630
2.668 856.6 38810
3.03 2160 -41030
3.027 172.6 4748
2.938 71.19 6460
3.423 219.4 1340
3.31 203.9 -5937
3.533 190.7 -1787
4.159 26.65 1073
3.113 110.2 -4499
3.318 115.3 -4682
4.477 7.761 204.9
4.814 4.378 231
4.454 7.255 341.3
4.005 36.08 309.3
3.584 249.7 -4573
3.728 111.3 -1416
2.879 5240 -141400
2.361 15630000000 735800000
1.41 46380000 -348500000
2.552 518.2 113100
2.687 783.6 18360
3.142 204.7 8142
2.583 8711 -51960
2.855 5165 -49790
4.035 27.7 923.3
4.029 36.59 896.5
4.176 20.89 1021
2.141 641900 -18810000
3.439 484.5 44130
3.456 235.6 19940
3.885 43.16 605
3.53 1070 350.9
2.759 15100 1386000
6.186 0.4012 162
4.879 8.99 2348
3.661 215.4 27040
4.165 27.22 8060
4.166 27.23 8061
4.167 27.24 8062
4.168 27.25 8063
4.169 27.26 8064
3.509 62.03 15480
4.496 4.947 1950
4.723 3.522 1648
4.753 3.083 1437
4.36 6.235 2377
4.65 3.291 1522
4.66 3.292 1523
3.891 19.62 6669
4.678 1.953 842.9
3.889 26.6 9284
2.978 1611 315300
3.049 1091 159500
3.976 27.33 7194
4.547 5.715 2401
5.183 1.81 999.5
5.184 1.82 999.6
5.185 1.83 999.7
5.186 1.84 999.8
5.187 1.85 999.9
20.13 0.006669 16.62
20.14 0.006670 16.63
8.805 0.1086 353.1
8.806 0.1087 353.2
8.807 0.1088 353.3
8.808 0.1089 353.4
8.809 0.1090 353.5
4.828 1.817 1875
4.791 3.826 3731
3.509 303.5 99270
3.510 303.6 99271
2.861 10860 2643000
4.207 42.92 13070
5.223 2.829 1324
5.803 1.158 631.4
5.53 1.847 835.7
5.653 2.011 699.7
2.338 16350000000 666600000
2.909 8260 -108600
3.173 2464 106000
3.418 1055 131200
3.151 2399 62370
3.229 1257 46980
3223 1247 36130
3.233 1211 25300
3.334 724.3 23410